11.522147178649902
9.22386646270752
14.38770079612732
16.68197226524353
11.066275119781494
11.615573406219482
9.268803119659424
16.756986618041992
10.176277160644531
17.996240377426147
15.387297630310059
21.93624186515808
26.683746576309204
23.61975860595703
18.17957091331482
27.02416753768921
23.558403968811035
26.235873222351074
19.54976511001587
29.77059316635132
23.07512378692627
31.057080507278442
24.359067678451538
59.76292085647583
60.29256820678711
67.4162769317627
29.169411182403564
32.68946123123169
72.89495182037354
73.00884222984314
86.6433629989624
91.69483661651611
82.25521039962769
78.7201189994812
79.94151043891907
70.11954927444458
97.2505235671997
78.27926826477051
82.29918837547302
80.7369475364685
73.78060269355774
91.94912195205688
89.8441071510315
82.11532282829285
83.14603424072266
95.92405819892883
90.89618730545044
78.78815793991089
84.77092218399048
86.62114572525024
93.38649582862854
90.367262840271
91.28631949424744
111.63820958137512
87.67602229118347
89.35460329055786
84.29791069030762
67.48626279830933
88.84442067146301
83.11639857292175
73.48779845237732
75.18113684654236
90.94843554496765
83.9296145439148
85.25080013275146
97.3578987121582
84.50727033615112
95.25534534454346
117.20334649085999
67.10917568206787
73.56830859184265
73.12265491485596
80.50399875640869
62.14931392669678
91.23556995391846
89.34232902526855
96.71641683578491
100.78638458251953
57.18416237831116
71.47955417633057
58.44335627555847
80.01200103759766
81.62423062324524
78.07862448692322
88.80717635154724
72.89351606369019
71.84272170066833
69.85116934776306
69.15704989433289
72.31891798973083
77.83290266990662
86.70255923271179
72.17496967315674
86.4367904663086
64.86655330657959
73.26738095283508
70.51725125312805
84.54864883422852
96.24756860733032
73.56838750839233
102.39972805976868
85.8579170703888
73.54691171646118
82.97280788421631
61.80294489860535
119.41620254516602
69.85595726966858
87.93598055839539
93.50353217124939
71.64597415924072
87.46942043304443
73.7108633518219
77.86529469490051
88.50551390647888
66.79377508163452
74.35969853401184
101.33267116546631
96.24073815345764
88.56902527809143
84.64511203765869
74.86170101165771
83.90803980827332
88.99152827262878
58.97181677818298
57.37222647666931
104.24933314323425
61.085424184799194
62.62297582626343
53.65783619880676
91.48512935638428
60.47116017341614
60.82279825210571
51.15336036682129
57.203298568725586
59.55390238761902
78.71325540542603
64.55266404151917
62.31190252304077
71.84103226661682
60.4007523059845
62.37157678604126
66.20125889778137
75.44623160362244
58.01646304130554
62.23962163925171
68.49801182746887
64.42523193359375
57.28824162483215
58.90191960334778
61.889092445373535
65.0213713645935
55.77966833114624
51.120721101760864
53.0325608253479
60.227699279785156
56.837252616882324
57.63321542739868
54.71380615234375
55.18302822113037
55.60202479362488
60.153297424316406
57.04099988937378
56.35210084915161
57.20621943473816
52.72455096244812
60.204833984375
56.32980179786682
55.76761817932129
60.859461307525635
57.03899168968201
59.881547689437866
61.43985199928284
59.90149283409119
55.1987829208374
45.904317140579224
52.14609360694885
47.15068435668945
56.74199366569519
66.91565704345703
62.499629735946655
53.43730354309082
75.60032153129578
54.88625407218933
53.03264927864075
51.393744230270386
53.72059941291809
51.01201272010803
83.676034450531
49.80394124984741
80.30891346931458
54.90813589096069
48.93834829330444
48.96700692176819
48.84013295173645
49.61416530609131
50.41534686088562
47.82394862174988
6.384738922119141
5.046048641204834
66.77120041847229
3.5912253856658936
5.204712629318237
4.9869067668914795
79.92578530311584
6.3744940757751465
4.982065916061401
5.0898401737213135
4.9884326457977295
7.254683256149292
4.932654857635498
6.397554397583008
4.987198829650879
5.0620152950286865
5.027347564697266
5.165380954742432
3.6465017795562744
5.06807804107666
3.657270908355713
5.06304144859314
5.002174377441406
3.6423747539520264
202.00778436660767
47.68540167808533
3.700833559036255
55.30816984176636
42.03358507156372
47.94398617744446
5.059279441833496
53.44326853752136
44.62010908126831
43.82076621055603
43.04872465133667
48.421279191970825
44.89967679977417
32.1244752407074
60.74392628669739
46.0339252948761
48.480985164642334
43.260791301727295
45.54020857810974
42.033761501312256
45.16776514053345
46.34094309806824
48.18037939071655
43.38592195510864
3.4169600009918213
51.141987323760986
43.65064358711243
44.0175940990448
45.53173327445984
44.95242500305176
53.89906907081604
43.28008460998535
43.464073181152344
48.33173179626465
29.594144582748413
52.816295862197876
42.40617060661316
50.882988691329956
40.81244778633118
44.10299253463745
45.29373240470886
48.812097787857056
46.01429319381714
49.9587037563324
47.42569875717163
49.32560086250305
49.55397891998291
44.75287961959839
44.39833211898804
39.946810245513916
42.170552492141724
59.86993384361267
50.017494440078735
45.775307416915894
69.58480978012085
65.76053094863892
57.95755910873413
48.056936502456665
58.35031723976135
74.82443499565125
71.31753540039062
76.18953967094421
69.95627498626709
51.127657413482666
62.611305713653564
76.42422246932983
68.35593795776367
63.36040806770325
57.56044936180115
60.994951248168945
65.36776447296143
70.20152497291565
75.78431630134583
64.70223474502563
46.188488245010376
51.79110765457153
