40.96458695429598
40.655402104544855
40.10369746883455
39.80344706503483
38.495337897257286
40.03246191453784
41.645074883647254
37.77528826802658
33.01796862406987
33.00689408133783
28.854969252391932
25.43735629056344
25.221345813466606
24.68272473593207
23.432896300538932
22.94242733417479
21.818116400435464
21.001778569755693
20.869815964743772
20.49001834096682
20.67161174971703
20.47842197694497
20.64939457617102
22.237868915270585
21.876659748116698
22.69481599449096
20.29523312274208
20.281765897278422
21.7436181850525
20.40848689682339
22.03284745564252
21.364343645573868
19.64617186131852
18.851597518669656
18.701172792354043
18.468458702314695
18.858510296170422
17.92300862157418
17.91026168174563
18.058646561308603
17.71468315904829
18.053462227355897
18.34288360425962
18.108678731122932
18.136763993265994
18.316572849287773
18.141575008626578
18.391088684991267
17.694746752245248
17.81320238933543
17.24018002511278
17.130097242584114
17.647770322271782
17.14466764718983
17.279524782368526
16.563220533668826
19.43108656651835
21.559943307994985
19.573542005869253
19.863709548862413
21.18719070090242
20.510463989756996
18.36205306878865
19.301887763971102
18.22856791467213
18.704183472404697
19.26461467189957
14.63434933711941
11.876793979671511
22.441044532192276
21.435860497340016
21.484449680188348
20.297128406555355
23.266548070112453
22.491227939239383
22.184333245212738
22.653858276409323
17.790101385489915
24.307429578214823
26.455117435891587
27.838921370784206
26.408538376725524
24.40451793284911
27.164925278047512
24.716471012556383
27.478438524626707
26.919915535187865
26.8714184390402
26.649488415367262
26.535242137783296
22.445520340017612
23.055836156285018
27.488754189776788
22.87220510311054
28.443009624389227
26.014305072907717
21.824446821893556
28.078509032765457
26.307158057467646
30.692530806692183
26.191475805820208
28.40739774761176
27.83257586520581
26.189302922377824
30.62960839658496
19.637201234171435
31.808310799067545
29.180319406298132
27.271697023485043
25.89119656433266
29.004422201951225
28.611793487396078
27.277877882854828
29.670467794524253
30.63159699387262
31.858655248802933
28.96400505625114
27.036367861716343
30.32662933307016
29.80680088033335
29.748188591830207
31.06972831157653
27.69926584976025
34.40626575287472
34.05829126737139
31.80835694597637
28.239142529016892
31.186636761214597
34.4963593601108
32.092647413359224
30.54348543509446
28.607693989806865
30.770217024117855
31.082123662219633
27.957865618326732
23.706299407753487
25.823876128920322
30.347332105624186
24.039186875694497
28.16190088797065
30.687054883440958
29.00246962017131
26.654744143688216
31.23251410052219
25.86776650622577
25.081019932772016
27.039095517662474
30.041068658913343
31.068596954452893
32.55824120831214
32.42010981558415
31.767847551193686
31.826624604165797
31.22609910265702
32.59297671127979
31.669370300726804
31.839278554769752
31.527691478764122
32.56436005648387
31.545613788530723
32.450423893319645
31.81921781736014
31.729074392209082
31.72731947564868
30.72572398300383
32.20671616673223
32.682522239403966
31.52367014038747
32.40252144256411
31.66255129167534
31.412013760155
32.63354215149157
33.32137323402456
31.63113220275169
33.395551780136046
33.78968352415953
32.724869661008185
33.20292217964523
24.717683021865014
27.90416531054965
32.074971721165966
24.23270116968509
33.90648590359826
34.39390686323167
33.934091125682215
34.2512931744678
32.58056115368428
19.957924762642744
32.868884648863315
22.488163791308903
33.965822545926706
33.59328741842572
33.410251163885604
33.06706805233176
33.49849765175733
33.481868222741966
31.53231892094698
9.55403200413928
12.08866666521771
24.636370017168506
16.4289326522067
11.720147555579905
12.23203136761739
23.309123494184455
9.25563649423041
11.842476794574964
11.98465922661798
12.027826024782389
8.270519591484874
12.366565624508496
9.222274064959912
12.23131502945717
12.050536484926665
12.133634926765456
11.80939034980465
16.728361505810867
12.036120893481977
16.679103497811496
11.850584398567806
12.194696825263671
16.747315726865878
8.836293143835226
34.559843096747315
16.48277314473045
29.416992184965764
33.02121381359404
32.95512380118532
11.661739715768348
25.279142480806392
32.51897025525505
34.27598670418003
34.00797612141438
35.459616694403884
33.02919098089051
43.4559627679465
32.595851487354544
33.236357538476085
35.06529403696662
33.14779866134219
35.6827526868444
33.11623681255705
34.095111750791666
32.994580985636816
33.76893292611747
32.56816811365745
15.510863453074077
27.06191277312726
33.95138944612379
34.30446463299019
35.645469286590746
34.36966970958991
36.16017926838921
33.641339038974046
32.64765347890432
33.683874744290065
44.63720842838832
29.858208991303076
35.15997739648488
35.453892281044155
32.73511079253253
35.2357042162054
33.9340548547995
36.241015653297175
34.076368257910985
35.24911311928882
34.89669194910352
34.95142420678694
35.17376481138886
34.12070939299488
34.145426813266376
34.345670945130784
34.76359481591288
42.943090712539544
30.409360105436054
39.34435619616298
36.05671996414334
31.569088175723863
25.846499111351523
39.01621985213623
41.19943324595766
36.29830282257196
28.267942641059886
30.056619450521744
27.703018783953876
39.25468330709676
35.61657075478793
28.524987622541612
33.07686307218906
32.591330500798875
29.846883042926983
30.232010392095468
30.53492827991113
31.096190586204788
29.53117622782138
36.876624268119855
35.96134151845582
41.89908457786106
