0.43061161041259766
0.14327549934387207
6.400733947753906
3.402226448059082
0.13725781440734863
0.1567826271057129
0.13856792449951172
0.1454448699951172
0.1538865566253662
0.13909602165222168
0.15520834922790527
0.16972970962524414
0.26813817024230957
0.14342474937438965
0.20488262176513672
0.182328462600708
0.18023228645324707
0.1495530605316162
0.19520282745361328
0.17023205757141113
0.20128226280212402
0.1581737995147705
0.18962550163269043
0.2519841194152832
0.31037259101867676
0.36718010902404785
0.16840362548828125
0.19728732109069824
0.2849104404449463
0.15536880493164062
0.18489909172058105
0.14001822471618652
0.1847672462463379
0.17278552055358887
0.16800332069396973
0.21179771423339844
0.18044424057006836
0.20529556274414062
0.19990158081054688
0.22199559211730957
0.20687127113342285
0.17604780197143555
0.24830245971679688
0.2042067050933838
0.231367826461792
0.17270183563232422
0.1920456886291504
0.5555975437164307
0.692385196685791
0.8811252117156982
0.9740941524505615
0.4644606113433838
1.710517406463623
0.21698546409606934
5.089120388031006
14.727764129638672
33.170409202575684
45.69546818733215
40.2358033657074
46.11915183067322
33.55486822128296
30.034741401672363
43.03619718551636
38.88933062553406
32.08910155296326
39.76125121116638
38.14360475540161
35.81211042404175
32.620460510253906
73.81382012367249
79.96892857551575
77.58899521827698
76.01000618934631
80.99336123466492
74.63200378417969
76.98966360092163
76.47595977783203
80.19496464729309
124.0226469039917
123.03320693969727
100.04693937301636
114.27386474609375
100.62300252914429
100.17006707191467
101.66815304756165
122.60963153839111
138.09259295463562
143.12047457695007
144.97934484481812
143.43217253684998
141.7964198589325
150.2668309211731
157.54370832443237
135.51667833328247
152.86500239372253
153.099511384964
158.87583470344543
154.91766691207886
151.27290987968445
191.61647534370422
177.0334780216217
191.88662314414978
192.87005066871643
191.82971239089966
222.0699737071991
178.77917766571045
229.80654549598694
226.08764219284058
225.04064226150513
245.55565333366394
249.58650660514832
248.4390525817871
248.99740743637085
271.8215777873993
290.2776713371277
276.3470091819763
284.5392508506775
279.50489473342896
302.2156891822815
309.7393367290497
321.33451771736145
309.6239366531372
330.53743600845337
326.901739358902
332.7525508403778
364.29417419433594
359.7026972770691
363.7793447971344
355.54169940948486
363.8803470134735
362.78525972366333
357.97081232070923
387.46022748947144
370.37917494773865
352.88271284103394
356.05434679985046
375.06479239463806
376.9023313522339
347.0977237224579
370.16914200782776
366.8770396709442
373.86361956596375
362.06205582618713
367.56716299057007
364.06970500946045
371.36410665512085
383.60221242904663
369.3263826370239
380.9154999256134
392.0926501750946
377.8878650665283
392.4224603176117
405.9698495864868
389.247328042984
396.30719089508057
411.8771858215332
411.54563426971436
409.5495357513428
416.99403142929077
425.11008477211
413.32219982147217
421.3067536354065
424.8810954093933
436.793377161026
431.66925835609436
430.2027826309204
445.05045676231384
433.0553135871887
437.815806388855
455.0040855407715
445.52706122398376
452.2119092941284
463.03763031959534
452.00244140625
471.29792404174805
467.62606954574585
486.09857988357544
477.958781003952
469.48458552360535
477.05797052383423
481.99507761001587
482.4934093952179
497.27487540245056
514.958548784256
517.1503405570984
527.614809513092
522.5900213718414
515.5452928543091
533.0630705356598
524.2929978370667
547.3269889354706
559.0305211544037
565.7262063026428
569.3758215904236
566.4675631523132
583.9904406070709
573.1013922691345
591.5275774002075
564.5044603347778
586.2051496505737
560.0392143726349
543.4817342758179
535.6845290660858
556.2714529037476
520.6663749217987
492.26624035835266
485.30066299438477
456.0817391872406
449.38827753067017
420.53521251678467
417.88879799842834
388.16305351257324
384.88993549346924
357.44451355934143
348.36987018585205
326.9270873069763
316.46871972084045
295.06896591186523
283.8255400657654
260.1848554611206
254.1907422542572
516.7657282352448
254.2097110748291
264.7759597301483
265.11334443092346
264.8369724750519
271.357590675354
295.3049478530884
291.30571269989014
293.9660198688507
308.91687774658203
324.4426884651184
339.94616961479187
352.5623559951782
382.8961806297302
374.338983297348
411.47872519493103
413.22746086120605
444.64558362960815
448.79507780075073
473.68136262893677
481.54838275909424
501.4896836280823
512.556672334671
533.7033462524414
553.4498944282532
548.0738461017609
530.5087110996246
542.3130948543549
554.7312200069427
547.0657844543457
554.9998893737793
566.5144135951996
582.6279520988464
567.8911921977997
576.0098524093628
586.3692708015442
585.2924227714539
574.4369909763336
577.9363803863525
586.3954992294312
575.4946718215942
584.7930345535278
580.2889332771301
589.4078190326691
586.9406554698944
596.8123898506165
592.1043999195099
601.9530482292175
600.9709811210632
620.6328437328339
622.3150320053101
619.6279258728027
623.2595121860504
637.0736668109894
631.0526156425476
632.1631388664246
660.8374443054199
657.1353964805603
674.6368823051453
663.4232499599457
698.2415585517883
698.4566521644592
719.0101683139801
738.0158176422119
747.770040512085
746.705085515976
764.3938460350037
779.8948266506195
786.8321981430054
799.1640818119049
797.1762011051178
812.7301533222198
819.6583058834076
842.7536454200745
858.3088476657867
868.0183484554291
