17274
23415
23616
26812
26916
30142
33498
36449
43163
43329
56425
59333
62527
65774
69529
72524
72651
80048
81576
81647
81812
83589
83619
83769
84032
84826
85493
85995
86080
86113
86353
89615
89650
91658
92453
94433
96004
96540
98050
98507
99147
99811
100043
102484
102566
102752
103071
103284
103586
104681
104822
105102
105228
105578
107729
111268
114812
116171
116446
116765
117653
117722
118138
118443
118870
119262
121835
126033
127963
128410
128767
128895
130426
130828
131446
132652
135541
139862
141496
142811
143155
143224
143786
146738
151606
154537
156627
157135
158110
158622
160470
165987
168138
168791
169240
170576
171379
173690
178332
179680
180511
181123
181548
187308
192167
193724
194395
195545
203120
204287
204948
207481
211641
215924
217560
218781
223950
224928
231114
231496
231961
235855
237661
240628
242179
244061
246269
249111
249751
252230
253531
256065
257533
260283
262450
263128
265828
268182
269737
271481
275037
276711
278446
281851
283160
286528
287061
289798
294106
294448
296805
300461
300503
302721
306370
306669
308884
313676
314036
316005
320733
321275
323614
327266
327902
329344
332330
335002
335830
339936
341787
342873
346026
347835
349222
352325
353367
356549
357926
359489
360412
363924
365861
369209
370259
373168
375019
378667
379667
383392
384129
388277
389765
392797
393372
397988
398045
398181
398327
402388
402484
402556
402705
402873
403069
403237
403423
403560
403667
403841
403991
404201
404340
404527
404670
404904
405077
405300
405448
405578
405749
408028
408882
408990
412257
412369
413172
417367
418005
421070
422027
425354
425974
430139
430308
434576
434791
439442
439593
443249
444222
447547
447835
451109
452361
452531
455233
456559
457952
459833
462181
464354
466652
468595
470769
473120
475893
478403
480111
483941
485099
488709
489786
493738
494851
499221
499477
503915
504171
508929
508997
512553
514996
516662
519689
521776
525519
527879
530477
533695
536226
541353
544823
547989
550144
553383
557009
559829
563478
566670
572410
576486
577566
581678
585714
585861
591234
594857
598721
602822
606203
610471
615969
620329
625126
629252
634192
638604
643608
648070
653062
657042
661720
665728
670228
674658
679740
685676
689594
694595
698556
704040
708004
712242
716538
721488
725530
729658
734078
738122
742654
747294
751840
755818
759604
763528
767664
772288
777198
780878
785370
789466
793756
797696
802610
807044
811738
814584
818447
821131
825392
827296
829813
832460
834797
836776
838823
842210
844707
846822
849629
852886
855369
857928
860427
863268
866099
868602
871703
875556
878194
880671
883938
886598
890031
892757
896066
899202
902306
905958
909412
912668
916008
919262
922626
925628
928846
932384
935434
938770
942034
945320
948592
951770
953918
957415
960673
965797
969177
976101
979395
984407
990021
993213
998483
1003275
1008671
1014529
1020409
1026459
1029551
1035253
1041489
1047037
1052785
1058329
1064231
1066823
1072645
1076231
1081167
1087181
1091787
1097614
1102272
1107713
1112441
1116948
1121951
1126824
1131851
1136832
1141747
1146542
1152327
1156824
1161807
1166984
1170649
1175068
1179973
1185340
1189673
1194078
1199473
1204019
1208398
1212649
1217415
1221186
1225898
1229759
1233689
1237605
1241361
1245027
1248605
1252969
1256795
1260469
1264551
1268231
1272409
1275927
1279651
