0
0
0
0
0
0
0
0
0
0
0
0
0
0
0
0
0
0
0
0
0
0
0
0
0
0
0
0
0
0
0
0
2
3
3
3
4
5
7
8
7
7
10
10
10
10
10
10
10
8
8
8
11
10
10
13
14
15
14
13
12
10
11
11
12
13
12
15
16
16
15
15
14
14
18
16
16
18
17
18
17
17
16
18
18
17
18
17
16
17
17
18
17
19
18
18
20
19
18
21
19
19
19
20
21
20
21
19
21
21
20
19
20
21
21
21
19
20
21
20
20
21
21
22
22
21
21
21
22
22
21
22
22
22
20
22
22
22
22
22
22
22
22
22
21
22
22
22
22
22
22
22
22
22
22
22
22
22
22
22
22
22
22
22
22
22
22
22
22
22
22
23
23
23
23
23
23
23
23
23
23
23
23
23
23
23
23
23
23
23
23
23
23
23
23
23
23
22
22
23
22
23
22
23
23
22
23
22
23
22
23
22
22
22
23
22
23
22
23
22
22
23
23
23
23
23
23
23
23
23
23
23
23
23
23
22
23
23
23
23
23
23
23
23
23
22
23
23
23
23
23
23
23
23
23
23
22
23
23
23
23
23
23
23
23
23
23
23
23
23
23
23
24
23
24
24
24
23
23
24
24
24
24
23
24
24
24
24
24
24
24
24
24
24
23
23
24
