10.008509159088135
8.738425254821777
8.15047550201416
9.880642890930176
11.276334047317505
11.534491062164307
10.748059272766113
10.098047256469727
7.706252336502075
6.76967191696167
11.142509460449219
11.216195344924927
10.397724390029907
8.904832363128662
10.288058042526245
7.74457573890686
13.3271324634552
38.95730519294739
36.92438983917236
40.11957764625549
12.658988952636719
12.299281597137451
10.620971441268921
11.044524908065796
40.55074191093445
11.690115451812744
47.8747444152832
11.240146160125732
39.614813566207886
12.34177827835083
44.57570290565491
42.802119731903076
10.51911449432373
42.31762623786926
40.35239768028259
41.758049964904785
43.251638412475586
41.02444934844971
38.275834798812866
45.833969831466675
45.4627525806427
43.653324604034424
48.12275528907776
48.75142526626587
55.62735295295715
55.75758624076843
43.823647260665894
56.73693656921387
56.152310609817505
49.36678862571716
52.43531107902527
47.66169595718384
58.23090076446533
62.136290550231934
53.47493004798889
44.946590185165405
52.70474433898926
57.84609508514404
56.338441133499146
53.89437937736511
60.91426181793213
54.545276165008545
58.2953155040741
59.449090003967285
64.26523303985596
57.901482343673706
56.988457679748535
50.822484493255615
67.5937511920929
70.9558653831482
54.67044258117676
46.92794728279114
62.77974247932434
60.281376123428345
55.51627278327942
79.64545917510986
66.04938220977783
68.21940040588379
64.00140357017517
79.40640544891357
76.36647915840149
70.06136226654053
52.69095158576965
59.136069536209106
63.346049070358276
57.6232750415802
66.65994334220886
62.37779355049133
63.00410747528076
63.62261128425598
62.318684101104736
71.29998207092285
66.84633684158325
67.22761940956116
81.97731184959412
58.106937408447266
61.68029737472534
62.94378161430359
63.24200963973999
71.97777652740479
59.78248596191406
82.50054669380188
61.94302153587341
70.034508228302
73.05004620552063
65.25516819953918
61.44317173957825
63.35226249694824
66.89453387260437
63.17510509490967
57.12245035171509
60.47239279747009
71.53515839576721
80.64663076400757
80.93463110923767
68.17598867416382
46.67980122566223
52.1964590549469
60.60159969329834
69.36471319198608
59.52161979675293
62.05232644081116
67.39460921287537
46.79584980010986
54.97662901878357
45.14051914215088
62.11958122253418
51.00195908546448
48.8424870967865
69.60827088356018
66.45702242851257
48.81800436973572
42.1224308013916
39.63446879386902
63.59486269950867
54.3244903087616
70.47085881233215
56.637529134750366
48.569284439086914
47.38835787773132
42.99820017814636
54.27600860595703
48.95828604698181
57.870097398757935
61.40455746650696
47.16015958786011
42.76828050613403
57.447545528411865
51.43764925003052
47.77262473106384
59.25186896324158
49.024635314941406
51.67696690559387
47.94844055175781
47.579928159713745
58.461801290512085
51.955907344818115
48.43944263458252
48.599809646606445
42.63298773765564
52.63643836975098
55.278260469436646
59.17580223083496
47.24252891540527
50.436633825302124
45.84321665763855
52.94047713279724
52.16959047317505
52.75780725479126
49.178642988204956
47.40029740333557
49.3143310546875
50.46086144447327
47.24922227859497
58.642645597457886
48.12269067764282
48.714953899383545
46.22787404060364
49.35068345069885
43.324734687805176
48.643810987472534
46.39401340484619
45.14861845970154
43.32188606262207
49.902754068374634
35.52869725227356
1.464080572128296
47.986374616622925
44.837650299072266
62.7709641456604
5.398813247680664
52.83206391334534
41.66380286216736
51.58661699295044
1.643225908279419
0.9405801296234131
1.5145609378814697
52.04247832298279
59.119943618774414
4.29297137260437
1.4677104949951172
0.9659140110015869
0.9019296169281006
0.9695487022399902
0.9109797477722168
75.45161938667297
0.9507749080657959
77.14926266670227
0.9358651638031006
0.9165458679199219
74.15471982955933
72.83871030807495
50.23963785171509
4.233955383300781
4.253753662109375
4.013996362686157
61.83158564567566
51.70888352394104
54.90463948249817
3.5684144496917725
3.1497111320495605
46.77533984184265
56.669230222702026
46.74056053161621
38.44214487075806
46.85151124000549
39.620779514312744
3.696460723876953
40.81372857093811
3.9934394359588623
50.92067360877991
44.103431940078735
3.1433589458465576
3.1341848373413086
3.684697151184082
56.88585090637207
53.98680114746094
62.291603326797485
46.76077318191528
3.107779026031494
47.2175772190094
46.87074327468872
44.08449125289917
44.812615156173706
41.37445092201233
40.4136221408844
39.37430787086487
42.98582220077515
39.39423656463623
38.97113871574402
44.79256224632263
37.418004274368286
45.73789381980896
41.65010643005371
44.924824237823486
42.99918818473816
33.182156562805176
45.75183725357056
39.90365409851074
38.009669065475464
45.79424476623535
43.458213806152344
42.520957708358765
41.75267052650452
36.841423988342285
48.54248642921448
43.43563675880432
34.66164493560791
51.560636043548584
51.20605492591858
47.66869068145752
58.78795766830444
48.442585945129395
62.634286403656006
32.44262099266052
53.34301137924194
56.30154490470886
31.847408771514893
82.1607973575592
60.32717728614807
41.254786252975464
75.84830069541931
55.12262177467346
48.551520109176636
38.50773525238037
54.81368446350098
54.00277256965637
53.468180894851685
37.651490688323975
62.92765998840332
58.28774809837341
76.85513043403625
48.22044372558594
43.98789978027344
47.425421953201294
44.28300857543945
55.93449378013611
46.56502628326416
45.62332510948181
54.125354528427124
48.79146933555603
54.92535638809204
53.08735251426697
50.594666719436646
50.054194688797
55.29150152206421
49.075178384780884
47.0407555103302
53.68304681777954
46.61039733886719
48.168060541152954
39.29366397857666
49.67144298553467
45.11603546142578
52.33386158943176
48.58930206298828
47.38220977783203
44.59676122665405
52.41821527481079
49.009562969207764
43.50990581512451
47.28431415557861
47.184579610824585
45.38897204399109
47.24309992790222
43.88678765296936
41.331167697906494
58.60983967781067
55.43561053276062
49.44735312461853
47.906893491744995
49.60186553001404
46.47892355918884
45.564441204071045
50.53035259246826
47.655458211898804
44.06874632835388
45.77544164657593
49.00975465774536
49.959996461868286
46.930893421173096
35.14826154708862
54.160847187042236
56.650442600250244
43.22530269622803
49.6584689617157
45.38331389427185
56.61726665496826
67.94185090065002
48.27214336395264
54.95432186126709
53.41170072555542
40.040107011795044
26.435097455978394
44.99883818626404
45.30822491645813
48.566083908081055
56.73020911216736
51.378880977630615
47.4493305683136
45.44633460044861
47.951091289520264
37.0165798664093
32.09503245353699
69.5405113697052
39.479958057403564
48.17194080352783
33.993748903274536
43.53841781616211
42.39544153213501
38.980679512023926
41.45088863372803
41.37177801132202
39.985920906066895
32.57239651679993
29.512606859207153
44.00668406486511
42.62851810455322
40.58480644226074
30.54546332359314
45.45800709724426
44.070202350616455
35.85357403755188
31.48371958732605
42.23089528083801
36.915791273117065
39.89498567581177
43.60826277732849
39.50165820121765
46.88324785232544
48.82240128517151
39.701167583465576
41.82914328575134
42.307440757751465
47.40384769439697
53.986475706100464
47.687180042266846
42.710309982299805
50.40133881568909
38.265238761901855
43.5251886844635
54.64631676673889
47.987677574157715
51.484246492385864
43.530834436416626
51.25830960273743
51.320377588272095
45.18894648551941
39.949138879776
37.75893831253052
57.66651773452759
51.903650522232056
58.804041147232056
51.6125111579895
42.04146122932434
43.34788155555725
51.947128772735596
48.890828132629395
52.34094047546387
40.550124406814575
46.21674370765686
39.66745924949646
41.10811400413513
45.423115253448486
56.346402168273926
52.84003949165344
48.115150451660156
48.53172492980957
46.94421863555908
56.422712564468384
42.16476368904114
44.53811717033386
48.000895500183105
53.01617479324341
50.85374045372009
49.43482327461243
45.37233304977417
44.489279985427856
42.45429587364197
51.57490420341492
38.94252038002014
48.02207803726196
41.225624561309814
44.564287185668945
35.41563677787781
34.925190448760986
45.92500448226929
33.546764850616455
49.72681641578674
42.65922570228577
57.12861728668213
44.74050307273865
36.58021068572998
42.65381717681885
41.96238470077515
40.64699101448059
43.48927330970764
39.66200041770935
49.586315393447876
41.91398596763611
45.42868709564209
38.32176089286804
42.89989471435547
38.64947772026062
3.076402425765991
35.47239398956299
62.594953298568726
32.76127815246582
41.324554681777954
10.363932132720947
10.208665132522583
10.931665182113647
10.242246866226196
42.41357493400574
38.343722105026245
2.115067958831787
1.449535608291626
1.9857761859893799
67.13517785072327
1.4525392055511475
1.4249422550201416
2.530165672302246
65.12721228599548
41.2758674621582
1.977757215499878
1.4364557266235352
1.9645650386810303
1.4427142143249512
1.4420862197875977
84.19952464103699
1.9378559589385986
1.9441676139831543
1.9772229194641113
1.9611992835998535
1.939854621887207
1.4452967643737793
1.9748234748840332
1.3939683437347412
99.22670555114746
1.4338862895965576
