48.15902072311383
48.97907660923618
49.076891268632274
47.7701709504416
46.557684243567685
45.949144799159605
45.96178598044375
44.95918750123955
45.677196207641366
46.38334085485902
44.693702237155
44.66755299752256
44.721323874084966
45.03172925078074
46.46163523029916
47.38800579562822
44.3456236081244
43.817199150341274
44.74007579259781
44.31751539552778
43.76336862863035
43.17325331615999
44.72283939624738
44.18478875842043
43.89562104460598
41.659126636297046
43.82268825920351
39.056431628740434
43.94820632161457
36.6235715636595
43.835539826161984
43.99314827850648
37.645754327865475
43.76426951714696
42.15362897335739
41.54887504225333
39.07366430568635
38.4648672940599
36.890116372949585
38.53037401066615
34.775721007996424
34.751075977837424
34.84837869166279
34.66565317361943
35.57602321421977
33.87879797814516
33.018703153417384
33.27638244438546
32.82144545762958
31.863526953838768
32.23018926030591
31.744569084557558
31.873111623452687
32.396526766795965
30.388071541967612
30.302632399677055
30.680349943445147
29.059869944993267
29.074286881999583
29.056833348705343
29.336315448444577
27.46342314719061
27.274918854995807
27.182922394474964
27.417624065989838
27.89220473517729
29.02342101087896
29.081616428967333
28.079518691100954
27.467778589913184
28.27853456105537
30.365700664741397
27.174370786274697
27.255515810320865
29.72101542985704
27.48430384696794
29.129719849448865
28.26175528557876
29.014988678550903
28.322652149855884
27.91800831327769
23.836247911461868
31.88403225675888
31.994009998272297
31.35160012574984
32.36539399494806
31.35316196220975
31.51762651573485
30.99797899313543
32.142660584351944
31.980777976097695
30.617118498410655
31.370454973016777
31.51978336598119
27.775977872727402
32.457398102792176
33.56014948216221
34.71351647393667
34.61306831439583
31.773696137018746
33.387704908618254
31.393731360504816
33.35323251552244
33.08369057789236
28.2135345157967
33.75977812613403
33.136310225478205
33.33740448656806
34.38248040385748
34.792185888695954
34.34726605598234
33.618646558418504
32.93485403311005
32.016216617351134
29.8512511503156
34.748304294085926
38.21781483977797
34.964057582504466
33.28294979353575
32.65349045314992
34.72687751203909
35.63121847025302
35.759536677298264
39.06329317254344
36.57917984227284
38.47984101667189
35.38336796131949
38.09657579513948
36.99647801348118
34.47866136503648
26.754132746657195
40.37444843242924
40.572207431664644
39.23352696076855
33.72913957115237
35.251136073542575
33.81539603974549
31.216051035588535
36.38101776475789
36.33803906949053
40.51332364570374
35.07995611510437
37.46046171305996
35.666088235135746
29.9326316455018
35.92014986387083
36.592539645720386
34.88399689781142
36.56854516925429
35.89922072849458
29.298653871609893
36.3286741157501
38.33429317976405
39.333917397462855
39.617546156701486
34.997211082034354
36.45398755968219
36.0862946583957
36.64623406862173
39.66412137018542
34.59580580297183
35.6197894665781
31.009296550674044
35.79401947402065
37.096052176689696
36.75571050312063
37.91050078686654
38.279004720706645
31.578264652928695
36.865596320639256
36.497661296915396
35.60831025067886
35.65139295094289
30.794157656625597
25.237606266252026
37.90311751722991
37.9554911171413
36.68782169195886
37.36523733946155
35.10696628519974
36.71587327851341
36.6857677336062
35.34991887790647
34.60144828027999
36.09019248782034
39.601789787267336
40.98135112385212
33.17608410135065
34.613767439818595
29.408501607787095
11.298779417162775
30.24678351807389
34.97040356157749
31.713651628358715
37.12210213620085
64.85359203199734
41.59621341358694
31.07077241719111
27.94319308984224
13.97633359096929
41.56132984536772
64.18790833742047
67.63277184284188
64.97868529393972
66.96087388240443
20.410430054626637
64.15819294610439
19.26136360395003
65.18032977326845
66.55422509125265
20.524654445438347
22.87245330063602
27.94606131803695
14.40733179206167
14.105189149633754
15.196824931644667
25.423899186546926
28.312349836796862
29.851757801314047
14.852534857484942
19.366855385340198
31.4909523903092
27.192887461927555
31.557173966758096
35.273786219755756
38.782100126761826
37.63176843760447
16.502271918101556
33.297619393874534
15.525463950128298
31.499976067155426
29.657555942066328
19.40599245930907
19.46279596315882
16.554956214080597
28.14408107624288
30.17404190239958
25.525109566669176
38.75042854725059
19.628165158799753
35.96118437259418
35.736578577036106
34.52461300435008
38.091952323046506
38.45368251530185
38.50186935919001
37.562565032270456
36.43061641779556
38.86355298415306
37.92550201780222
38.354581962791016
39.95402825436337
36.009528696021604
37.93507713247787
37.26224928868196
36.163473443247966
40.714653293944565
34.86198797132509
36.312463926808114
39.77935186426981
35.72501322712592
39.14104725029428
38.07534183741438
36.45275813037725
40.74218196546802
36.35990098228187
37.31958642626383
46.10283219300924
41.23300570234163
40.561609423043066
31.047632709066626
43.291179026144974
48.49039237213094
39.99406944394886
43.214757535070106
40.511398665448006
42.37894366910069
44.11661903422004
34.57853491411636
42.20320118615256
40.964943791900275
28.92615892359078
44.137958639657114
33.922727780642724
41.186530176478264
42.033299212611304
45.23841802472005
35.815693894018196
41.16702875938634
44.90870946926665
43.23378552465168
30.928319119048894
44.52468360138283
40.670275437934976
38.48147100938571
45.63827221804665
42.800065544710016
38.72004686590314
40.85629435221959
44.711023532030524
40.08897511464356
41.146751675697345
44.379685337799366
41.34823165454965
41.59491552994634
45.703226181904185
41.20209169992665
40.00786083435056
44.61371218607489
44.96850745042245
39.590549807807434
43.64571349047615
37.90910605412385
41.93630891210865
41.17792829633612
43.1576481029008
40.56374763887048
45.675962647766234
37.96390223450207
42.54271765920429
40.22072599825489
41.76860836982213
43.509977559046064
42.036642692651476
41.593375604030854
42.564063124670554
44.47007191846405
44.207594053203614
41.74212167524523
42.55030587173076
43.709784696451344
43.506428174444295
41.35207644282937
42.86237136658894
40.86652663309925
42.80726860140954
45.27017821508607
42.38080355353851
40.76739444938727
45.73659251045013
44.08609871182552
47.85442937900643
39.1795939356665
42.24150580580688
42.54452566645593
30.18619041911375
43.01140292547865
42.07197098574478
25.139144391246763
44.87059925367778
26.658503833391155
41.99454369605594
44.40547572653178
44.1458557867385
39.089898115123724
37.47663924443892
44.5372536952705
32.363709366377414
41.26208978593768
45.69084482401061
21.277843603925202
40.77070922528235
45.06088909401451
42.934993195438864
31.104171617327143
43.921019305004755
41.1442837249117
35.3006078680662
45.61488679689153
41.41954739801406
40.63551533295877
39.371894156982286
43.55626194037044
40.0390928537321
39.63478706069842
45.23490609856158
39.06224785003621
38.51881493916194
42.57750994718661
45.08034418768869
38.23308831559755
39.43707782806876
43.6497627366485
34.55754320839462
43.23848660694947
40.33504223121785
39.55384300229834
40.978472568942685
41.61850602892724
42.68049018922116
44.61066933759174
41.2078560803171
40.21119888852602
42.61661702308615
43.22433936606769
45.23355095995004
44.43542264654473
41.488811500884914
44.18533420597892
43.98247742480182
39.72412417403658
46.18792535961475
44.57394289803874
43.83865267084745
42.79724990618302
43.310050940139504
46.45328253673644
42.46613716951633
42.829458856400606
38.98414695392822
44.323813894342464
46.45145333211753
44.18063706702051
47.60473662052504
40.031910185512075
43.185501409122665
43.987031699031654
46.32770780350834
44.4202946848061
46.33771233718406
40.69953547351216
44.898262548101265
38.92175641624068
45.35135885123173
44.492636681807106
46.63130504263175
43.04257558293767
46.44384684986807
43.39192469713455
45.53130970200467
45.27477051878178
42.05386574463403
45.374153488275894
44.401543664368695
46.72222689621623
43.673666799751025
45.313958128283495
42.27984810309603
44.63623671065343
43.39319741968257
45.34888812451041
40.85620781503078
46.4759484031726
39.85253915541431
45.51661770506206
48.64683565555973
38.71529290076498
48.55907886360808
37.98755150953722
47.4926576056312
42.81566955708927
40.67902403871192
46.883272891291064
39.66819647080858
46.11272723888487
41.92192232367079
44.7466662903658
40.94599321507931
44.99225204167509
43.89942778099788
43.16655675898052
45.24844264979248
41.32877275819295
45.69272611604366
27.629675262278443
48.544792339267055
35.62587529002902
49.17390562427571
39.71004679025854
8.20152032177425
8.326259985667324
7.775576600999151
8.29896028773603
39.775001343907505
46.083163109727806
40.18783398664313
59.32934624583436
42.80442106200915
24.681546292829978
58.51821394917037
59.65154005402031
33.594638062833596
28.098853547789744
40.12029550967582
42.9779749171671
59.17342137637404
43.26657470045751
58.91672734351735
58.94238418873422
22.24478116693715
43.86290921568606
43.72051020120352
42.98958866157471
43.34082757973446
43.8177165654336
58.811451111792216
43.041821753203244
60.97699447913337
16.336327916927953
59.27945654875872
