0.26859164237976074
0.2391958236694336
0.2373218536376953
0.2237095832824707
0.18734455108642578
0.23875808715820312
0.2315230369567871
0.22100090980529785
0.22707843780517578
0.22386884689331055
0.21725082397460938
0.24610280990600586
0.2460160255432129
0.37529754638671875
0.34180688858032227
0.28400135040283203
0.2245337963104248
0.23953747749328613
0.23579192161560059
0.2435905933380127
0.2039051055908203
0.2325296401977539
0.23514747619628906
0.22574114799499512
0.2251145839691162
0.23312115669250488
0.24134516716003418
0.37757229804992676
0.23144006729125977
0.2336890697479248
0.2990906238555908
0.3851509094238281
0.23774147033691406
0.3976767063140869
0.25197577476501465
0.1970982551574707
0.3438432216644287
0.27298569679260254
0.21587109565734863
0.1926875114440918
0.31793212890625
0.19203662872314453
0.22737860679626465
0.23567867279052734
0.3459320068359375
0.2377927303314209
0.21155166625976562
0.23906683921813965
0.22766327857971191
0.2285475730895996
0.6429712772369385
0.23490691184997559
0.23521828651428223
0.22921371459960938
0.3088815212249756
0.23787307739257812
0.23252511024475098
0.7400674819946289
0.6736857891082764
0.24439787864685059
0.3767569065093994
0.3935103416442871
0.2148876190185547
0.5022404193878174
0.47608041763305664
0.8394556045532227
2.0414741039276123
0.7155792713165283
1.068965196609497
0.7283496856689453
0.8811578750610352
1.3072590827941895
0.8898122310638428
0.9055109024047852
1.3446333408355713
1.3003661632537842
1.2405579090118408
1.9782862663269043
1.4587655067443848
1.9133434295654297
8.305745601654053
15.882584810256958
35.45262312889099
34.01672649383545
33.7553915977478
25.75464701652527
36.22809433937073
29.24220371246338
24.103526830673218
17.63896632194519
16.34144949913025
23.666820526123047
15.350417375564575
17.74791955947876
22.69834542274475
46.024399518966675
48.24701952934265
45.90957260131836
45.232675313949585
47.97373032569885
51.62682771682739
47.01696467399597
52.909114837646484
53.746854305267334
51.905415058135986
65.34875559806824
72.8643651008606
69.12321925163269
67.52883172035217
67.32152795791626
69.3141679763794
71.55117297172546
67.03523182868958
67.74590253829956
66.08405900001526
92.94979643821716
84.59663081169128
105.12889266014099
105.47034335136414
102.14753103256226
84.3148045539856
81.25594758987427
78.73117303848267
109.55211782455444
111.08139681816101
108.89585518836975
110.39061069488525
107.21314835548401
104.54062795639038
110.18085408210754
96.24125146865845
102.72701787948608
106.48671174049377
111.29460310935974
111.83962535858154
106.89169812202454
106.02642965316772
109.36910605430603
135.1758029460907
120.27281999588013
109.01476621627808
107.18285584449768
109.27242588996887
109.22890067100525
117.08520889282227
134.88059306144714
125.6774845123291
127.73574423789978
110.12476754188538
115.36632370948792
115.26075530052185
133.25849270820618
135.45820903778076
136.0323314666748
117.99462389945984
137.04036688804626
124.07091951370239
137.6070213317871
141.41343879699707
143.03710627555847
144.93471026420593
147.38043522834778
136.20130014419556
140.09733128547668
147.40115070343018
149.34777307510376
149.28548574447632
148.7245695590973
156.9119429588318
157.32431316375732
154.135258436203
153.11782836914062
154.57251119613647
157.70461344718933
162.62291407585144
168.59912061691284
157.62126564979553
160.9939980506897
157.0088450908661
172.85511326789856
180.69579815864563
170.98475646972656
166.23027276992798
165.20568871498108
170.4727520942688
176.3601839542389
185.18124318122864
179.96783065795898
169.51514720916748
183.197491645813
173.67730569839478
177.24648475646973
175.41932559013367
177.88181066513062
175.9084815979004
160.0853967666626
154.47144889831543
159.61803245544434
158.21545934677124
152.19939279556274
138.3924913406372
127.06945085525513
128.9553964138031
126.76966381072998
125.49156498908997
174.31954550743103
111.6866979598999
173.07904386520386
116.27388501167297
112.91812133789062
153.9918508529663
148.06625080108643
109.24456214904785
106.46931314468384
101.76145148277283
100.19324564933777
112.13485908508301
113.88681554794312
118.16352581977844
118.52397990226746
119.83154201507568
99.14432144165039
99.48776745796204
113.87742829322815
119.78205871582031
120.40355944633484
128.94195818901062
142.63907432556152
134.51488137245178
142.51260900497437
140.06903624534607
149.07328343391418
152.20067739486694
148.32742857933044
149.2819962501526
143.5254409313202
141.8627486228943
141.81213068962097
149.3019449710846
165.18261098861694
155.516996383667
159.06962966918945
155.6569640636444
159.12178945541382
162.8786633014679
166.61140179634094
171.08204054832458
177.49755787849426
173.58958435058594
170.2313995361328
164.80107736587524
182.25286960601807
181.8409299850464
181.40714812278748
189.64961338043213
192.9203600883484
195.00855255126953
192.32485175132751
205.03929710388184
210.07617449760437
216.96167397499084
208.92714977264404
210.45483350753784
212.2438669204712
214.93583369255066
215.05646967887878
219.8528950214386
216.89626049995422
227.4498770236969
215.58889389038086
223.78977966308594
239.18854355812073
226.28452849388123
219.10708093643188
239.10543012619019
261.55694246292114
254.3004891872406
264.331392288208
240.16998052597046
270.24063897132874
281.07510805130005
251.39164972305298
278.77136516571045
277.3550944328308
285.7033348083496
285.2414038181305
291.26504588127136
286.0298912525177
304.80660462379456
296.5852687358856
305.0426387786865
298.93249583244324
309.35295057296753
318.9055895805359
339.2841513156891
304.8797504901886
332.40650844573975
332.58072543144226
342.50176668167114
314.7101242542267
331.41209411621094
337.36682534217834
318.85564064979553
336.4840319156647
343.37942576408386
328.0086724758148
342.7526116371155
349.0043158531189
358.3113377094269
349.0942032337189
355.72340965270996
361.6257119178772
362.3296160697937
347.2214095592499
363.5415494441986
357.5865571498871
344.4090950489044
365.80329036712646
367.34381461143494
347.6748015880585
365.7215209007263
366.7098226547241
354.20210218429565
364.48060178756714
361.44466257095337
356.2903482913971
358.0021710395813
357.0089862346649
352.48249888420105
363.6892659664154
352.45728611946106
361.3938567638397
367.04136300086975
351.04029178619385
365.4059753417969
367.0915024280548
354.35124039649963
372.5231671333313
371.5404427051544
350.6305546760559
369.42909479141235
355.2147374153137
374.77733278274536
369.3595416545868
373.6718499660492
358.54754185676575
372.30186128616333
381.74012637138367
364.85240268707275
382.99165630340576
380.840528011322
376.4412727355957
396.7338833808899
387.7811050415039
399.5833692550659
407.71566128730774
392.9463493824005
376.92071533203125
412.3141224384308
394.44872069358826
389.592045545578
417.86555528640747
405.5983555316925
412.9608745574951
388.5835773944855
409.18451714515686
423.2395088672638
436.3565957546234
412.5508773326874
427.97221994400024
429.690767288208
418.19596695899963
428.91031289100647
419.6623125076294
425.2948520183563
414.91201162338257
430.62811279296875
430.19133591651917
411.97953701019287
411.53017377853394
440.93248653411865
429.6339385509491
425.08905386924744
419.67502188682556
424.4343023300171
434.51186418533325
416.85541129112244
435.05570220947266
422.36694860458374
438.655730009079
417.2486686706543
443.0875406265259
436.04745864868164
438.11630272865295
438.1829240322113
442.8771677017212
444.6781747341156
454.6396253108978
454.8701479434967
465.7273304462433
464.2146112918854
472.21207070350647
465.8280203342438
484.0720798969269
475.3465678691864
497.52079486846924
478.0020740032196
509.03316020965576
501.8014569282532
508.52769470214844
507.32080817222595
507.3660168647766
518.9294340610504
521.7218239307404
529.5212709903717
527.2289056777954
534.6624095439911
531.153312921524
542.9766826629639
535.0538773536682
540.3649137020111
533.2825782299042
544.5482838153839
526.276522397995
547.2123157978058
531.4757788181305
545.8846035003662
541.2610211372375
542.9128215312958
548.5257802009583
540.1368885040283
553.4837317466736
542.901228427887
558.0629868507385
555.9004647731781
551.3124136924744
556.7505156993866
544.7388751506805
552.3565258979797
551.0367646217346
551.7139163017273
550.5603718757629
545.6186566352844
546.9573140144348
550.6979966163635
548.9213166236877
547.3232808113098
543.3509440422058
550.7931334972382
534.8487024307251
537.977890253067
544.1863603591919
535.8237624168396
542.8082025051117
521.0428593158722
543.8125240802765
523.7406797409058
535.4868407249451
519.1069097518921
525.6317689418793
523.3681881427765
524.9108612537384
526.5879039764404
523.7640409469604
527.219801902771
496.2209827899933
519.454648733139
496.8205449581146
526.9093735218048
528.3674521446228
495.29087471961975
502.6756236553192
471.53381848335266
473.31183433532715
434.6548001766205
437.62464904785156
445.27955055236816
414.008003950119
467.28009247779846
411.2923491001129
405.8779389858246
388.1467065811157
415.838308095932
370.4537055492401
367.0975937843323
366.0256757736206
342.0546438694
341.3012125492096
300.3016457557678
367.1959183216095
278.1362612247467
287.70857429504395
217.44341468811035
222.4047830104828
168.16044664382935
139.3764545917511
114.01963782310486
67.87131237983704
307.13344717025757
0.29753684997558594
