12170
12560
15670
21642
25404
28941
32255
35720
35874
42950
43412
51790
55609
58914
64154
68761
72748
73277
76911
77349
80547
84806
85651
87531
91750
92228
93666
93834
95486
95610
95647
95902
96161
97343
98095
98961
100739
101086
101535
101866
104458
104497
104864
105761
105912
107266
107625
107865
107926
108421
108535
108848
109574
109662
109855
109890
109950
110463
110665
110698
110971
112881
113666
114093
115194
117054
118079
118416
118504
118897
119234
119734
119923
120044
121386
121690
122660
122699
123111
124776
127152
127269
129201
130112
130575
131007
131384
131405
131628
133764
134318
134573
134915
135630
140539
140708
142552
143702
143865
144344
144673
145166
145840
146673
148968
152293
152950
154257
155441
155713
155871
155989
157179
157847
161890
168589
169027
169244
170280
170583
171224
174139
177390
184536
185144
185224
187152
187343
189012
190026
199022
201458
201563
202304
202874
203009
204434
207032
214225
214306
215753
216206
217967
217991
224682
226453
227132
229146
229524
230011
233632
238630
240683
242565
243053
243134
247680
251317
253748
256126
256429
258134
260458
263378
266811
267413
270229
271819
273948
278943
279015
279462
282260
282831
288912
291935
292460
293676
295082
298402
302945
303038
303746
304574
309967
312747
312970
313055
314599
314706
314803
319930
322122
323306
323530
323781
324027
324700
324747
325007
325251
325529
325760
326123
326478
329725
329908
331568
331817
332078
333839
335596
335675
335882
335957
336169
339750
340996
343442
343605
343805
344214
347571
349345
351357
354331
355299
355488
356646
356957
360312
361746
361938
362154
362386
364369
365733
368470
372149
372373
373774
374996
376854
382118
382444
383335
384681
390199
390432
391052
394225
398862
399344
400062
403063
407054
407105
407798
410698
415557
416063
417108
419898
423817
425195
425460
428319
433575
433827
434943
437882
444916
445640
445819
452772
455121
456642
464380
464872
467828
474439
474591
478028
479174
483071
485404
488774
489917
496881
497841
499318
505336
505962
506706
512687
514760
514922
520076
523089
524862
528689
533572
535317
538519
542372
545166
547249
551031
555876
556162
559457
563855
564097
567883
573639
573681
576018
582164
582190
584667
589267
590612
592565
597137
599529
601287
608181
608655
612896
617676
617957
621661
626045
626875
631045
635618
636097
640278
644799
646033
648961
653208
653940
659032
660334
662387
667272
668133
673434
675478
677608
681417
682988
686043
686197
691976
693394
695351
701108
701213
702272
707915
707936
712821
713378
718244
718265
722612
724794
728529
730335
733643
735305
737780
738460
743222
743592
748313
748847
752782
753354
758842
758924
761589
764446
766571
769080
771864
774094
777934
781217
783269
786356
788809
793111
797013
799836
802738
807033
807839
811864
815725
819098
822364
824475
829067
831859
835567
837254
839765
845038
847551
854067
856020
859153
861522
866246
868287
873358
874390
879508
880177
883772
886260
892890
895081
899207
901792
906086
910917
912706
916764
919396
924354
927635
932282
934680
938257
940471
946193
946991
952045
952659
957556
957686
962272
962360
968086
968912
975718
976282
981586
981720
986471
987314
991595
992976
995796
999384
1001422
1005960
1007119
1011047
1012284
1012542
1018122
1018204
1023129
1023150
1023385
1023436
1023602
1023656
1028405
1028749
1029009
1029245
1029516
1033560
1033791
1034045
1034288
1035253
1040020
1040221
1040557
1040794
1041051
1041283
1041533
1041778
1042019
1042258
1042481
1042705
1042982
1043186
1043396
1045068
1045254
