7.125887632369995
22.94037890434265
14.749398469924927
12.522047281265259
14.70226240158081
27.242884635925293
24.247272729873657
13.551015138626099
22.011209726333618
9.18473744392395
30.424388885498047
37.77437376976013
21.233033418655396
22.708034992218018
24.645686626434326
28.440237998962402
12.250936508178711
33.26140642166138
31.103158235549927
16.384835958480835
11.404840230941772
32.190879583358765
25.973716497421265
28.62341856956482
23.639515161514282
22.350056409835815
30.23913598060608
12.751810550689697
33.359171628952026
24.13686752319336
25.054975748062134
25.551825046539307
33.854015827178955
24.727397918701172
25.949418544769287
25.24849581718445
23.115490674972534
33.522332429885864
27.74111032485962
26.08113980293274
31.63445782661438
27.989713191986084
31.652248859405518
33.502917528152466
29.370158195495605
24.960089921951294
32.256179332733154
21.531022548675537
21.9886953830719
30.85864758491516
29.617183208465576
26.547687768936157
23.569852590560913
33.51756405830383
23.310317754745483
39.611406564712524
27.51710295677185
22.986696481704712
33.77876830101013
28.506158590316772
28.904996156692505
33.84993863105774
33.38897204399109
33.16391205787659
36.51866388320923
39.55005955696106
38.707383155822754
35.777003049850464
37.10247588157654
41.25865650177002
35.825018882751465
33.19777154922485
48.20018434524536
44.740689516067505
38.5622923374176
38.5977098941803
33.49792194366455
46.066972732543945
38.698442220687866
39.013755559921265
40.515390396118164
31.65467381477356
29.007120609283447
37.03356409072876
34.03881788253784
39.97197484970093
30.56393003463745
36.84752345085144
32.440345764160156
48.38305068016052
38.1942503452301
38.12888026237488
35.29442095756531
44.899203300476074
38.764485359191895
40.86018395423889
44.24264860153198
30.971559286117554
36.04379367828369
35.96220850944519
40.00204586982727
32.90044093132019
25.843994617462158
29.06474232673645
36.49027490615845
38.536004066467285
27.014551401138306
37.738752126693726
34.12166380882263
36.82610106468201
37.944323778152466
33.7203209400177
33.99533295631409
33.1612765789032
30.302916765213013
34.32773566246033
34.32668089866638
31.94078016281128
31.349270820617676
33.42636775970459
46.54181408882141
44.271828174591064
28.97952127456665
40.96082949638367
32.275012731552124
25.350011587142944
25.50665521621704
31.274974822998047
33.75654649734497
25.624929428100586
30.71010112762451
38.3520781993866
37.203771352767944
38.72288680076599
32.66615009307861
26.17422914505005
33.35335969924927
28.042114734649658
27.215826511383057
38.21767497062683
32.15788388252258
36.34157586097717
32.67883110046387
35.0775249004364
30.199628114700317
23.055240154266357
40.18648409843445
26.03980851173401
39.381671667099
36.66292452812195
36.6390426158905
45.603779554367065
24.243388652801514
43.112568616867065
33.72279644012451
30.875313997268677
29.731780767440796
32.3364143371582
32.06899833679199
39.24152326583862
27.602479457855225
30.465081930160522
32.59323859214783
28.621073484420776
31.312435388565063
28.120906829833984
31.393112897872925
38.55482196807861
30.481945514678955
32.80783128738403
28.884855270385742
28.78739595413208
30.378785610198975
27.872307538986206
26.62888479232788
32.08213472366333
27.142765522003174
40.46135091781616
30.150264739990234
34.265623807907104
29.48640751838684
29.77893853187561
29.773927211761475
27.80343985557556
27.161340713500977
31.395323753356934
33.30296015739441
32.28636598587036
26.805787801742554
24.301279544830322
36.827441930770874
30.940540313720703
30.82133150100708
31.89892840385437
28.44107675552368
26.85919189453125
31.257522583007812
26.590214014053345
29.757373809814453
27.648719549179077
28.916457414627075
24.961582899093628
20.047420740127563
31.940308570861816
32.039965867996216
34.995683908462524
32.32900047302246
32.29069375991821
30.62050747871399
29.242483139038086
35.64759564399719
31.0736563205719
30.109769344329834
29.490874528884888
38.991472482681274
26.648168087005615
26.06395173072815
22.91420865058899
37.732378005981445
28.41698932647705
36.840489864349365
30.134782791137695
30.235446453094482
27.91615319252014
39.741469860076904
43.00800061225891
28.37579369544983
27.9820556640625
23.95415449142456
32.708866357803345
24.988301992416382
28.471441507339478
25.865742206573486
29.70392632484436
23.254307508468628
31.176720142364502
27.543169021606445
38.40028190612793
27.85539960861206
29.75471258163452
32.285412549972534
37.145909547805786
25.910221338272095
27.11810326576233
33.77104878425598
24.412463665008545
32.74834895133972
24.520941257476807
23.247587203979492
23.918108463287354
