50.239355217131454
48.86580141829274
49.561343229729744
49.67238870999947
48.972054799034495
47.75558893217815
47.922915411776074
47.155138818979026
46.658044367789785
46.38129316171308
47.001765766990225
46.592433556342606
46.95513732503399
46.899698735050066
46.33670862207265
46.69440530168735
46.608681680686296
45.818868290773786
45.847434180176826
46.44538413008062
46.55917919475772
45.69617292347739
46.43155322495857
45.6269748781393
44.84017513716636
44.29519021546275
44.77641162989545
42.268507507810135
45.02509884557302
45.20056295422955
44.542050697706884
45.35879522848302
44.603275655933544
46.0218258201498
46.012591686401336
45.54726777891043
44.86169100112482
45.43239952606083
46.53743072580254
45.01337015447414
45.67803905222321
45.266630326271546
45.62077109952057
44.89161275987951
44.97762631059294
42.587987596356314
44.549603509357695
42.07881896699476
42.658283434228835
42.45163357840659
41.766294630153226
41.43487031993522
42.63921448547689
42.127166447532545
43.24265377269654
42.58874264522707
44.990201255736956
43.59043069966576
43.57766946629551
40.482480175073505
38.15949305167499
37.90257979442337
36.62886052282941
36.093449949783796
36.11851748514977
36.13142473128051
35.54877358825039
33.68085354497116
33.097521683445684
33.76261173071013
33.04952898629332
33.10463168801645
36.410649125932636
33.41477335665799
32.36322128052138
32.22989144720134
31.494490964969597
32.365920996295145
30.621387632148895
29.707470695044748
31.938480349037434
36.48750281738647
35.336151209436444
33.861175147166975
35.224489996613414
33.098189543414534
35.82654451698652
35.95899740093341
37.638316461748424
33.95817289118796
36.104910753202326
36.32417187364145
36.238021911104575
35.27902242272536
37.94710509812545
35.927395766110045
29.021770635032443
37.55057952543235
37.59315714917058
36.76081238594641
38.09805140865363
38.23656961394774
40.24145707325358
39.08515641492551
36.44806742126068
36.40751120900059
37.683394585523445
34.44734991861249
35.725104345140714
34.43210015018594
31.704346795940577
35.79443986156101
37.62281139130442
38.388148205665495
41.3491549248623
39.64724074382641
39.96890943374905
41.54563517972642
41.69155982857556
39.78894774212686
34.20580033605464
38.19584755640418
36.9571322401362
36.15649434371816
37.769156286290254
38.46152088129624
38.538961367816356
37.026408703883746
36.11151395762233
40.468404133937405
38.48896475748695
33.713948779460935
36.47479679231605
33.597701707876396
38.265911239563344
39.504506293953085
37.537447840020164
39.1553921802937
41.70367559939011
36.7892604948003
38.27988198778942
37.39518630669139
37.363637525660096
38.372148657023814
40.563413408514954
44.241569082560595
39.466005438922835
43.51030459726498
37.657111473989474
37.17652144619625
38.26519198926739
39.558124735019845
36.05106581909301
31.12781360642393
39.08335426275027
39.64332152567837
42.27799235545749
41.8104489231015
41.84726900123836
38.78544646927517
37.89514639788366
39.71760203284063
35.62088488744722
40.91390913892195
41.357370767555146
46.19338941878884
43.35345795198972
41.447474490300095
42.64819643398316
41.60591988062615
40.47103539405717
39.774351310704404
39.007484209709936
39.60920704020603
43.937251188870356
41.92364415850255
42.221195149440454
40.18649805595173
41.62484179899796
42.14136033521689
40.83237333165194
42.14387959653559
41.31131211720428
41.469688858257705
40.94054162235308
41.6941073862962
35.94275086487243
42.12304353469769
43.31154184263621
44.1540536176525
41.38218459117667
41.5312721423343
40.78344246610267
38.59063804322835
38.95773741353902
43.03926955581158
39.510488930155
42.08315132057948
40.39334948313085
40.39970089801736
39.97723453548809
39.420576971331805
44.344856703712956
40.01213692612478
42.88394081506961
40.83360690243418
41.9746970257362
41.77674255096019
43.17368028335244
41.82271369312414
42.02246948041369
42.994618535299914
41.946518605192956
43.81016231765349
43.31716379139562
45.59412849817874
46.27080392334305
44.12109601585622
40.57523222515425
39.83532481202286
40.851791209660114
41.51348986553523
42.1029007120784
45.3859094146066
41.845457801514286
27.785527878256673
42.57149642984991
40.91908091908092
43.499761194786885
40.2643119939803
38.81816380698385
38.74057447058536
40.20762256478748
41.576995124952425
42.701766098103526
40.12609390235627
40.40929346680837
35.54661404144986
40.1717446427887
42.64870636939924
44.32342308728582
29.828317935627172
41.18065940347371
45.35715451577778
43.64685294248773
48.991368360510016
47.23902271527227
50.97683595725984
50.8009708550674
50.88195004500506
