0.19194769859313965
0.19125819206237793
0.1672358512878418
0.1721210479736328
0.15577077865600586
0.1652379035949707
0.1662893295288086
0.16724205017089844
0.13671636581420898
0.1642472743988037
0.1653444766998291
0.16150259971618652
0.1676349639892578
0.1650981903076172
0.15946531295776367
0.1715559959411621
0.16601896286010742
0.16483378410339355
0.20502305030822754
0.17157363891601562
0.17096757888793945
0.16735148429870605
0.2948763370513916
0.18333935737609863
0.16440486907958984
0.2720637321472168
0.16520452499389648
0.168867826461792
0.29186344146728516
0.16761183738708496
0.15790176391601562
0.1461501121520996
0.15925121307373047
0.16143488883972168
0.15142226219177246
0.17116689682006836
0.16230273246765137
0.16324210166931152
0.15759825706481934
0.21471524238586426
0.3429579734802246
0.29981184005737305
0.21213603019714355
0.2776002883911133
0.3022768497467041
0.17888879776000977
0.14978837966918945
0.16620421409606934
0.16915345191955566
0.17047858238220215
0.17019248008728027
0.1771104335784912
0.3279414176940918
0.1684248447418213
0.21192407608032227
0.17373871803283691
0.16985058784484863
0.167510986328125
0.22772002220153809
0.20986580848693848
0.15337038040161133
0.16353940963745117
0.20662784576416016
0.31713390350341797
0.24138236045837402
0.16377806663513184
0.1739189624786377
0.17082500457763672
0.34513330459594727
0.17748236656188965
0.261615514755249
0.8427224159240723
0.29525327682495117
0.17102980613708496
0.3685295581817627
0.5476541519165039
0.6067256927490234
0.16915655136108398
0.5040097236633301
0.5981273651123047
1.4109315872192383
1.5580203533172607
0.6495287418365479
7.358551502227783
4.995795249938965
7.6468825340271
0.7935113906860352
0.6323509216308594
0.9025001525878906
2.8135428428649902
0.6379909515380859
1.020904541015625
0.8237020969390869
0.8011937141418457
1.3326237201690674
1.3866667747497559
4.452493906021118
15.875543594360352
16.165093898773193
15.33982229232788
17.822145223617554
17.20851159095764
9.133239030838013
7.2982094287872314
20.305158615112305
19.745649337768555
11.456279754638672
16.901911973953247
8.559825420379639
12.868943214416504
11.973946809768677
17.479145765304565
19.58631134033203
19.90824842453003
20.477057695388794
20.208439588546753
20.51867961883545
18.258346796035767
12.318760871887207
18.676738023757935
18.43218231201172
20.932132959365845
25.800583600997925
18.701873064041138
25.06348156929016
27.59438133239746
26.178629636764526
26.510990381240845
26.148674488067627
27.7024188041687
26.902713298797607
29.43066120147705
27.143195390701294
31.739140272140503
40.312007188797
26.872358322143555
34.34173822402954
30.38492465019226
28.05732035636902
32.03987503051758
28.061367511749268
27.301064252853394
30.477194786071777
40.922762632369995
39.383787631988525
32.47300982475281
41.12241077423096
33.48103880882263
42.36985802650452
34.394059896469116
34.67987370491028
33.451170444488525
48.49264883995056
33.7343385219574
49.57258605957031
50.00219130516052
40.348620653152466
47.686922550201416
38.62173390388489
51.112523794174194
48.59668159484863
47.078572034835815
48.05745196342468
52.59612274169922
55.44756197929382
53.069066762924194
54.84529185295105
53.672380208969116
41.78645920753479
44.43721389770508
49.04001307487488
50.7607696056366
54.882418632507324
57.48533844947815
48.411118507385254
58.586727142333984
52.757657527923584
55.99010634422302
52.48853874206543
48.65442657470703
55.22874999046326
53.12407875061035
58.22776794433594
58.658225297927856
59.16447925567627
57.59128475189209
55.55090856552124
59.50965881347656
57.11764907836914
57.09709405899048
58.92435336112976
57.89260387420654
59.37729239463806
63.723591804504395
64.72447276115417
63.600786447525024
66.67935228347778
59.484923124313354
61.73581528663635
61.59956932067871
64.01293349266052
66.94731903076172
64.03894186019897
68.45685887336731
60.93133330345154
67.9459810256958
64.9308979511261
66.83845567703247
66.68063449859619
68.82771492004395
72.68591904640198
68.91892552375793
67.18849492073059
73.0557279586792
71.26265287399292
76.80802512168884
75.01374959945679
74.00268006324768
76.48777532577515
81.08932518959045
76.86289238929749
81.49533319473267
83.94151449203491
70.88638615608215
79.69766902923584
70.73173141479492
76.70287990570068
77.06941628456116
74.33630871772766
79.42621040344238
75.24722361564636
82.00286436080933
75.90651893615723
76.61832690238953
60.19216513633728
76.01377058029175
67.7888457775116
61.20255398750305
71.65157556533813
55.237674951553345
56.9747314453125
54.3076376914978
65.22767925262451
54.944042921066284
59.66255259513855
47.3505802154541
57.85372734069824
14.707683324813843
0.18981552124023438
0.22936129570007324
