1998
6316
7801
8093
10134
10313
10334
13481
14393
19629
21640
24795
25722
25776
25896
26417
27436
27459
28023
28104
28616
30874
31035
32025
33605
33896
34064
34220
35126
40955
42127
44909
45422
48852
49479
49705
50546
50991
51101
51403
51556
51902
52234
52506
52609
53679
54549
54783
55643
56115
56583
56801
60600
61273
61819
63743
65556
65826
67592
67629
68565
69597
70153
70232
70550
70995
71064
71164
72005
72043
72295
72322
72369
72913
73372
73680
74112
74307
75020
75589
78410
81990
82109
82176
82409
82626
83849
86053
86496
87212
88053
88129
88635
88770
90241
90589
94123
94905
97057
98086
98375
99952
100120
100153
100563
100699
100929
101274
101369
101413
104611
106684
109856
110112
111714
112175
112235
112594
113010
113109
113739
116102
119500
119896
121009
121520
121647
123056
123353
123381
123892
123924
124817
128270
129856
129925
130970
131499
132541
132619
133447
133828
135025
141416
142366
142481
143148
143348
143406
143886
144083
148019
148585
149618
153010
153149
154314
154337
155023
155340
156596
158357
160172
161371
163603
164722
164866
165940
165984
168099
168491
170030
172877
173361
175312
176687
177325
177893
178610
181308
182090
182762
184448
185064
185356
187023
188750
192050
192934
192964
193876
194998
196586
198836
200384
201214
201680
201704
203328
204269
206690
206956
209624
210212
211156
211413
213330
215680
215798
218501
219681
220416
221733
224190
227040
227703
228278
228573
228618
234491
234686
236309
237161
237375
240110
242660
243349
244183
244467
245894
246612
249292
249449
251545
251883
251974
256360
256767
258692
259832
260938
262656
263177
266626
268106
268772
269400
269688
273223
273855
