0
0
0
0
0
0
0
0
0
0
0
0
0
0
0
0
0
0
0
0
0
0
0
0
0
0
0
0
0
0
0
0
0
0
0
0
0
0
0
0
0
0
0
0
0
0
0
0
0
0
0
0
0
0
0
0
0
0
2
1
2
3
2
3
3
3
2
0
0
0
0
0
0
0
0
0
0
0
3
4
6
8
8
8
6
5
6
4
7
7
7
5
5
4
4
5
8
7
8
9
8
7
8
6
7
6
6
6
6
5
11
12
12
11
11
12
10
9
10
8
7
9
12
11
11
11
10
9
11
9
9
8
9
14
13
14
13
12
12
13
12
12
10
15
13
14
13
12
11
10
11
15
14
14
15
14
13
13
12
12
12
13
13
14
13
14
15
13
13
13
14
13
15
14
14
13
15
14
13
16
14
15
14
14
15
14
16
16
16
16
14
14
14
15
16
15
15
15
14
14
16
16
14
14
14
15
13
15
15
14
15
14
14
15
14
13
12
12
10
11
12
10
10
10
11
10
10
10
10
10
9
10
8
7
8
7
5
3
2
2
1
0
0
0
0
0
0
0
0
0
